0.6193028395907668
0.2776405362676265
0.15778135981289843
0.3693609052967862
0.9242809558200414
0.5129774312990254
0.19492173650802513
0.7987296151081102
0.5864330989754448
0.3924395667088807
0.8762163713779026
0.9691603445844145
0.6852396557356935
0.19902832832081618
0.6176412762760338
0.19236139145016073
0.683756104400666
0.026583246778896785
0.2015651651526288
0.295310678229154
0.7050642385754343
0.764969445014526
0.41237398061245734
0.7796877459870969
0.6597812316751798
0.8496836531061562
0.49404783563194643
0.799463912039083
0.9202575008132935
0.3811269676667144
0.6121238827473248
0.1958128624010771
0.11408835270842488
0.04391517442680759
0.17760295659473213
0.02290386218677598
0.9085847136022561
0.14438563080855737
0.6803694512969245
0.18073244017324075
0.6324730119943207
0.16024612586734688
0.7666171183764442
0.5276576912138269
0.8751392461332239
0.6344379236767566
0.8758264309673667
0.1674752384349849
0.5686667378276411
0.9170230958048539
0.8514344957878618
0.12805658512978624
0.5692482468307972
0.27269219623323504
0.8180906917163567
0.7431787006349121
0.016094892085262602
0.8342348280888686
0.9044291990628655
0.39479712480524676
0.2696678050780752
0.5553196588163224
0.34566885680434145
0.5710366944583084
0.9297196315131334
0.56641671050045
0.34197650858123385
0.13745098334696415
0.653023184884643
0.9235975966669802
0.9159378268416266
0.7090851301911042
0.6499252634742524
0.42106095546473954
0.7270999661776384
0.6848401177761688
0.09371041350594089
0.4547534380517738
0.3086356891343318
0.8445370758946985
0.936027132553239
0.9319879760569869
0.4884793246396031
0.004847160437249642
0.2769821447629883
0.09174413659587932
0.9512658694170254
0.41946934009132464
0.7887875452555907
0.6422042852007602
0.9942427049419437
0.30813264959211695
0.48338929253858653
0.575523444286085
0.8056080706730168
0.8151152774890412
0.9179971881828992
0.280891350050695
0.20997701678079894
0.684084670633222